TrafficCard.tcid
9910
9911
9902
9903
9904
9905
9906
9907
9908
9900
9901
9910
9911
9902
9903
9904
9905
9906
9907
9908
9900
9901
9910
9911
9902
9903
9904
9905
9906
9907
9908
9900
9901
9910
9911
9902
9903
9904
9905
9906
9907
9908
9900
9901
9910
9911
9902
9903
9904
9905
9906
9907
9908
9904
9905
9906
9907
9908
9900
9901
9910
9911
9902
9903
9904
9905
9906
9907
9908
9900
9901
9910
9911
9902
9903
9904
9905
9906
9900
9901
9910
9911
9902
9903
9904
9104
9911
9902
9903
9105
9911
9902
9903
9106
9911
9902
9903
9101
9911
9902
9903
